A:251   100,10,141
P:228   100,10,118
L:189   100,10,79
R:174   100,10,64
I:165   100,10,55
C:154   100,10,44
N:151   100,10,41
S:136   100,10,26
M:129   100,10,19
G:121   100,10,11
O:114   90, 9, 15
W:112   90, 9, 13
T:108   90, 9, 9
U:108   90, 9, 9
E:102   90, 9, 3
D:97    85, 8, 4
V:97    85, 8, 4
Z:97    85, 8, 4
F:96    85, 8, 3
H:96    85, 8, 3
X:96    85, 8, 3
B:95    85, 8, 2
Y:93    80, 8, 5
K:59    50, 5, 4
J:40    35, 3, 2

b:142   100,10,32
r:124   100,10,14
a:106   90, 9, 7
m:100   85, 8, 7
g:99    85, 8, 6
p:74    65, 6, 3
e:62    55, 5, 2
d:57    50, 5, 2

0:626   420
1:626   420
2:542   420
5:540   420
3:445   395
4:404   350
7:333   285
9:301   255
6:262   225
8:247   205




p 56 6 19
b 99 10 32
g 81 10 11
e 50 5 12
R 91 10 101
U 86 10 26
r 97 10 64
I 103 0 81
N 89 11 84
G 97 7 41
Z 81 9 21
T 84 9 25
S 90 12 43
A 99 20 180
F 82 8 20
O 78 8 36
H 80 10 19
d 50 5 3
a 85 10 25
m 78 7 28
M 95 10 39
J 35 3 3
C 94 8 68
D 81 8 16
V 77 11 19
X 81 9 15
E 82 8 36
B 82 6 13
K 48 5 6
L 93 10 113
Y 80 8 20
P 91 12 147
W 89 9 27
